4294967278,422
2848,4
4294967279,322
4294967278,317
4294967278,252
4294967279,255
4294967278,314
4294967279,254
4294967279,252
4294967278,248
4294967279,250
4294967278,245
4294967278,243
4294967278,241
4294967279,242
4294967278,239
4294967278,238
4294967279,237
4294967278,235
4294967279,319
4294967278,445
4294967279,318
4294967278,266
4294967278,359
4294967278,392
4294967279,365
4294967279,317
4294967278,333
4294967278,405
4294967279,315
4294967278,352
4294967278,328
4294967278,387
4294967279,428
4294967279,313
4294967278,369
4294967278,258
4294967278,255
4294967279,311
4294967279,309
4294967279,271
4294967279,306
4294967279,284
4294967279,305
4294967278,254
4294967278,250
4294967278,246
4294967278,244
4294967278,129
4294967278,128
4294967278,126
4294967278,125
4294967278,124
4294967278,123
4294967278,122
4294967278,121
4294967278,120
4294967278,119
4294967278,118
4294967278,117
4294967278,116
4294967278,112
4294967278,111
4294967278,109
4294967278,108
4294967278,107
4294967278,106
4294967278,105
4294967278,103
4294967278,98
4294967278,97
4294967278,95
4294967278,94
4294967278,93
4294967278,92
4294967278,91
4294967278,90
4294967278,89
4294967278,87
4294967278,86
4294967278,85
4294967278,84
4294967278,83
4294967278,82
4294967278,81
4294967278,211
4294967278,347
4294967278,80
4294967279,208
4294967279,301
4294967278,79
4294967278,78
4294967278,74
4294967278,72
4294967278,71
4294967278,70
4294967278,69
4294967278,68
4294967278,67
4294967279,300
2827,4
4294967294,1022
4294967294,83
4294967278,242
2842,5
2842,6
4294967294,187
2840,2
4294967278,63
4294967278,61
4294967278,60
4294967278,59
4294967278,58
4294967278,57
4294967278,56
4294967278,55
4294967278,54
4294967278,53
4294967278,52
4294967278,240
4294967279,406
2840,5
4294967279,193
2840,6
4294967279,444
4294967279,299
4294967278,407
4294967278,406
4294967279,404
4294967279,368
4294967278,236
4294967278,51
4294967278,50
4294967278,49
4294967278,48
4294967278,47
4294967278,46
4294967279,83
4294967279,82
4294967279,80
4294967279,79
4294967279,77
4294967279,76
4294967279,75
4294967279,74
4294967279,327
4294967279,427
4294967279,330
4294967279,388
4294967279,355
4294967279,418
2837,2
4294967278,179
4294967279,312
4294967279,424
4294967279,445
4294967279,78
4294967279,73
4294967279,71
4294967279,70
4294967279,69
4294967279,68
4294967279,67
4294967279,66
4294967279,298
4294967279,386
4294967279,417
4294967279,172
4294967279,341
4294967279,403
4294967279,423
4294967279,65
4294967279,64
4294967279,63
4294967279,62
4294967279,61
4294967279,60
4294967279,59
4294967279,364
4294967279,401
4294967278,232
2837,6
2837,5
4294967278,425
4294967279,394
4294967279,58
4294967279,57
4294967279,56
4294967279,55
4294967279,54
4294967279,53
4294967279,52
4294967279,50
4294967279,385
4294967278,228
4294967279,230
4294967279,441
2839,2
4294967278,154
4294967279,48
4294967279,47
4294967279,46
4294967279,45
4294967279,44
4294967279,43
4294967279,42
4294967279,41
4294967279,40
4294967279,37
4294967279,39
4294967279,440
4294967279,38
4294967279,399
4294967279,149
4294967279,36
4294967279,398
4294967279,35
4294967279,397
4294967279,416
4294967278,226
4294967279,411
4294967278,77
4294967278,76
4294967279,33
4294967279,32
4294967279,31
4294967279,30
4294967279,28
4294967279,413
4294967279,415
4294967279,24
4294967279,323
4294967279,23
4294967279,22
4294967279,21
4294967279,20
4294967279,19
4294967279,18
4294967279,17
4294967279,16
4294967279,15
4294967279,14
4294967279,13
4294967279,12
4294967279,11
4294967279,10
4294967279,9
4294967279,8
4294967279,7
4294967279,6
4294967279,5
4294967279,4
2835,2
4294967278,224
4294967279,393
4294967278,222
2842,4
4294967278,75
4294967278,337
4294967279,297
4294967279,412
4294967278,220
4294967278,73
4294967278,218
4294967279,376
4294967279,320
4294967278,300
4294967279,333
4294967278,230
4294967279,396
4294967279,296
4294967278,66
4294967279,72
4294967279,295
4294967278,348
4294967278,322
4294967279,294
4294967278,274
4294967279,328
4294967278,394
4294967278,389
4294967279,359
4294967278,65
4294967278,64
4294967278,62
4294967278,307
4294967278,321
4294967279,293
4294967279,88
4294967279,375
4294967278,334
4294967278,345
4294967279,138
4294967278,447
4294967279,134
4294967278,411
4294967278,410
4294967279,370
4294967278,446
4294967278,137
4294967279,2
4294967279,51
4294967279,49
4294967279,292
4294967278,297
4294967279,421
2836,6
4294967278,391
4294967278,421
4294967279,291
4294967278,444
4294967278,430
4294967279,369
4294967279,420
4294967278,312
4294967278,409
4294967279,207
4294967279,290
4294967278,361
4294967279,288
4294967279,430
4294967278,304
4294967278,442
4294967279,316
4294967278,443
4294967279,378
4294967279,446
4294967279,419
4294967278,216
4294967279,357
4294967278,441
4294967279,286
4294967278,440
4294967279,245
4294967279,282
4294967278,439
4294967279,243
4294967278,438
4294967278,416
4294967279,239
4294967279,34
4294967278,403
4294967279,236
4294967278,383
4294967278,326
4294967279,232
4294967278,437
4294967278,368
4294967279,228
4294967279,224
4294967279,280
4294967278,402
2840,4
4294967278,378
4294967278,415
4294967278,436
4294967278,366
4294967278,350
4294967279,277
4294967278,427
4294967279,251
4294967278,339
4294967279,425
4294967278,424
4294967278,174
4294967279,29
4294967279,249
4294967278,285
2836,5
4294967278,325
4294967278,338
4294967278,401
4294967279,414
4294967279,27
4294967279,26
4294967279,25
